0.000000 0.000000 0.000000 0.000000 0.000000 0.000000 0.000000 0.000000 0.000000
0.000000 0.000000 0.000000 0.000000 0.000000 0.000000 0.000000 0.000000 0.000000
0.000000 0.000000 0.000000 0.000000 0.000000 0.000000 0.000000 0.000000 0.000000
0.000000 0.000000 0.000000 0.000000 0.000000 0.000000 0.000000 0.000000 0.000000
0.000000 0.000000 0.000000 0.000000 0.000000 0.000000 0.000000 0.000000 0.000000
0.000000 0.000000 0.000000 0.000000 0.000000 0.000000 0.000000 0.000000 0.000000
0.952184 0.504409 -1.468463 0.504409 2.648272 0.103851 -1.468463 0.103851 32.933709
3.007257 -1.751845 1.463931 -1.751845 24.785115 -17.150115 1.463931 -17.150115 57.154590
4.487206 3.153264 4.198112 3.153264 46.397979 -13.431809 4.198112 -13.431809 71.682820
4.487838 3.154731 4.199603 3.154731 46.401383 -13.428350 4.199603 -13.428350 71.686337
4.488470 3.156198 4.201094 3.156198 46.404787 -13.424890 4.201094 -13.424890 71.689854
4.489102 3.157665 4.202585 3.157665 46.408191 -13.421430 4.202585 -13.421430 71.693371
5.206797 2.290004 6.556975 2.290004 47.466789 -16.270430 6.556975 -16.270430 81.086707
5.216591 2.278192 6.634283 2.278192 47.481036 -16.363672 6.634283 -16.363672 81.696953
5.226384 2.266380 6.711592 2.266380 47.495283 -16.456914 6.711592 -16.456914 82.307200
6.088642 1.827113 11.371370 1.827113 51.546170 -20.986680 11.371370 -20.986680 110.923964
7.215351 0.318719 9.587799 0.318719 68.606158 -20.726590 9.587799 -20.726590 117.941870
7.216512 0.321469 9.593881 0.321469 68.612672 -20.712181 9.593881 -20.712181 117.973738
7.654078 0.641676 11.004873 0.641676 70.752581 -19.122347 11.004873 -19.122347 122.695965
7.817790 0.551368 11.333027 0.551368 72.310410 -19.304426 11.333027 -19.304426 123.353737
7.819551 0.551883 11.328343 0.551883 72.310561 -19.305797 11.328343 -19.305797 123.366198
7.821312 0.552399 11.323659 0.552399 72.310711 -19.307169 11.323659 -19.307169 123.378658
7.823072 0.552914 11.318975 0.552914 72.310862 -19.308540 11.318975 -19.308540 123.391119
8.126124 1.308766 11.553530 1.308766 74.207002 -18.711755 11.553530 -18.711755 126.979313
8.363740 0.863544 11.786051 0.863544 76.542688 -21.546372 11.786051 -21.546372 131.608390
8.455075 1.098337 12.198680 1.098337 77.146266 -20.485633 12.198680 -20.485633 133.472549
9.145885 0.507922 12.433439 0.507922 80.624695 -19.647759 12.433439 -19.647759 139.721436
9.149699 0.503173 12.423459 0.503173 80.630610 -19.635330 12.423459 -19.635330 139.747553
9.584508 -0.245830 11.686974 -0.245830 82.105586 -18.847528 11.686974 -18.847528 142.247917
9.587774 -0.237886 11.703554 -0.237886 82.124907 -18.807200 11.703554 -18.807200 142.332088
9.591040 -0.229942 11.720134 -0.229942 82.144229 -18.766873 11.720134 -18.766873 142.416258
9.594621 -0.207306 11.716200 -0.207306 82.287331 -18.791741 11.716200 -18.791741 142.420579
9.598201 -0.184670 11.712266 -0.184670 82.430434 -18.816609 11.712266 -18.816609 142.424901
9.696824 -0.416378 12.156668 -0.416378 83.462943 -20.037421 12.156668 -20.037421 144.550819
10.082708 -0.597632 13.253202 -0.597632 86.078349 -21.735388 13.253202 -21.735388 150.446415
10.545903 -0.588856 14.867843 -0.588856 88.398615 -22.252214 14.867843 -22.252214 160.745802
11.379955 -2.401878 13.923918 -2.401878 114.225937 -32.233021 13.923918 -32.233021 169.439845
11.385356 -2.419936 13.950785 -2.419936 114.286317 -32.322860 13.950785 -32.322860 169.573512
11.390756 -2.437994 13.977653 -2.437994 114.346698 -32.412698 13.977653 -32.412698 169.707178
11.396157 -2.456052 14.004521 -2.456052 114.407079 -32.502536 14.004521 -32.502536 169.840845
11.402870 -2.439616 14.037919 -2.439616 114.447317 -32.420769 14.037919 -32.420769 170.006998
11.441172 -2.489075 14.171429 -2.489075 114.511182 -32.593169 14.171429 -32.593169 170.472385
11.447786 -2.477410 14.154074 -2.477410 114.531753 -32.623776 14.154074 -32.623776 170.517924
11.454499 -2.460975 14.187472 -2.460975 114.571992 -32.542010 14.187472 -32.542010 170.684078
11.461113 -2.449310 14.170117 -2.449310 114.592563 -32.572617 14.170117 -32.572617 170.729617
11.467826 -2.432875 14.203514 -2.432875 114.632801 -32.490851 14.203514 -32.490851 170.895770
11.474539 -2.416439 14.236912 -2.416439 114.673040 -32.409084 14.236912 -32.409084 171.061924
11.512841 -2.465898 14.370423 -2.465898 114.736904 -32.581484 14.370423 -32.581484 171.527310
11.693430 -2.330770 15.063289 -2.330770 115.432003 -31.932633 15.063289 -31.932633 174.539002
12.227180 -3.084962 14.942980 -3.084962 117.144771 -32.929255 14.942980 -32.929255 181.161818
12.439643 -3.121492 16.014701 -3.121492 117.989521 -33.226231 16.014701 -33.226231 186.583024
12.506673 -3.020384 15.910968 -3.020384 118.392779 -33.286449 15.910968 -33.286449 186.780503
12.517407 -3.034437 15.882747 -3.034437 118.411179 -33.249500 15.882747 -33.249500 186.854700
12.528141 -3.048491 15.854526 -3.048491 118.429579 -33.212551 15.854526 -33.212551 186.928898
12.946375 -4.056205 15.273739 -4.056205 124.759389 -35.300108 15.273739 -35.300108 191.088565
13.672244 -4.898132 15.967907 -4.898132 127.977665 -35.564007 15.967907 -35.564007 201.691442
14.203633 -5.717490 16.689425 -5.717490 129.913581 -37.553506 16.689425 -37.553506 204.270090
14.217891 -5.693013 16.652135 -5.693013 129.955599 -37.617520 16.652135 -37.617520 204.367615
14.229361 -5.638124 16.622137 -5.638124 130.218264 -37.761074 16.622137 -37.761074 204.446072
14.243619 -5.613648 16.584847 -5.613648 130.260281 -37.825088 16.584847 -37.825088 204.543597
14.255089 -5.558758 16.554848 -5.558758 130.522947 -37.968642 16.554848 -37.968642 204.622054
14.515561 -5.286910 16.777031 -5.286910 131.866947 -37.240632 16.777031 -37.240632 207.979333
15.751137 -3.870133 5.567012 -3.870133 140.835095 -70.408227 5.567012 -70.408227 401.740046
15.772972 -3.899967 5.509965 -3.899967 140.875856 -70.330283 5.509965 -70.330283 401.889090
16.396498 -5.015777 5.360914 -5.015777 142.910999 -70.473208 5.360914 -70.473208 408.937885
16.416563 -5.021405 5.456182 -5.021405 142.912577 -70.499931 5.456182 -70.499931 409.390214
16.436628 -5.027033 5.551449 -5.027033 142.914156 -70.526654 5.551449 -70.526654 409.842543
16.456692 -5.032661 5.646717 -5.032661 142.915735 -70.553376 5.646717 -70.553376 410.294872
16.509718 -5.628267 5.801578 -5.628267 149.605842 -72.292843 5.801578 -72.292843 410.747143
16.526469 -5.728424 5.880735 -5.728424 150.204692 -72.766138 5.880735 -72.766138 411.121208
16.600084 -5.538420 5.598449 -5.538420 150.695105 -73.494738 5.598449 -73.494738 412.203678
16.620906 -5.544090 5.696845 -5.544090 150.696650 -73.521535 5.696845 -73.521535 412.668656
16.694521 -5.354086 5.414558 -5.354086 151.187062 -74.250135 5.414558 -74.250135 413.751127
16.711272 -5.454242 5.493716 -5.454242 151.785913 -74.723430 5.493716 -74.723430 414.125191
17.281925 -5.664420 5.390833 -5.664420 155.143092 -77.992445 5.390833 -77.992445 419.845567
17.298756 -5.812604 5.469256 -5.812604 156.447707 -78.682879 5.469256 -78.682879 420.210961
17.434126 -6.824682 5.676797 -6.824682 166.676101 -81.888035 5.676797 -81.888035 421.571817
17.457201 -6.895299 5.782333 -6.895299 166.892211 -82.211012 5.782333 -82.211012 422.054506
17.482928 -6.901139 5.899998 -6.901139 166.893537 -82.237723 5.899998 -82.237723 422.592666
17.716630 -7.200262 5.983779 -7.200262 167.416054 -81.794554 5.983779 -81.794554 424.791856
17.761051 -7.084824 6.059589 -7.084824 167.716047 -81.597546 6.059589 -81.597546 424.921233
17.805472 -6.969386 6.135398 -6.969386 168.016040 -81.400537 6.135398 -81.400537 425.050611
17.849893 -6.853948 6.211207 -6.853948 168.316034 -81.203529 6.211207 -81.203529 425.179988
17.894313 -6.738510 6.287016 -6.738510 168.616027 -81.006520 6.287016 -81.006520 425.309365
17.947509 -6.652039 6.186365 -6.652039 168.760157 -81.177137 6.186365 -81.177137 425.513554
18.021256 -6.461897 6.102102 -6.461897 169.250393 -81.394388 6.102102 -81.394388 425.609831
18.071454 -6.332474 6.184362 -6.332474 169.584081 -81.182300 6.184362 -81.182300 425.744631
18.510407 -5.597067 9.892805 -5.597067 170.816157 -74.969302 9.892805 -74.969302 457.074960
18.560605 -5.467644 9.975065 -5.467644 171.149845 -74.757215 9.975065 -74.757215 457.209760
18.634353 -5.277502 9.890802 -5.277502 171.640080 -74.974466 9.890802 -74.974466 457.306037
18.684550 -5.148079 9.973062 -5.148079 171.973768 -74.762378 9.973062 -74.762378 457.440837
18.758298 -4.957938 9.888799 -4.957938 172.464004 -74.979630 9.888799 -74.979630 457.537114
18.808496 -4.828515 9.971059 -4.828515 172.797692 -74.767542 9.971059 -74.767542 457.671914
19.247449 -4.093107 13.679502 -4.093107 174.029767 -68.554544 13.679502 -68.554544 489.002243
19.278095 -4.099329 13.814958 -4.099329 174.031031 -68.582045 13.814958 -68.582045 489.600961
19.308741 -4.105551 13.950415 -4.105551 174.032294 -68.609546 13.950415 -68.609546 490.199680
19.339387 -4.111773 14.085871 -4.111773 174.033557 -68.637047 14.085871 -68.637047 490.798398
19.370034 -4.117995 14.221327 -4.117995 174.034820 -68.664548 14.221327 -68.664548 491.397116
19.406970 -4.171457 14.129675 -4.171457 174.112202 -68.531890 14.129675 -68.531890 491.624536
19.443906 -4.224920 14.038024 -4.224920 174.189584 -68.399232 14.038024 -68.399232 491.851956
19.480843 -4.278382 13.946372 -4.278382 174.266966 -68.266574 13.946372 -68.266574 492.079376
19.517779 -4.331844 13.854720 -4.331844 174.344347 -68.133916 13.854720 -68.133916 492.306796
19.576778 -4.522372 13.967519 -4.522372 174.959623 -68.498180 13.967519 -68.498180 492.522452
19.620557 -4.679293 14.179301 -4.679293 175.522098 -69.257300 14.179301 -69.257300 493.546966
19.699073 -4.671938 14.236376 -4.671938 175.522787 -69.251954 14.236376 -69.251954 493.588456
19.735321 -4.677766 14.388073 -4.677766 175.523724 -69.276343 14.388073 -69.276343 494.223303
19.775879 -4.738155 14.289178 -4.738155 175.613643 -69.129090 14.289178 -69.129090 494.464446
19.854395 -4.730800 14.346253 -4.730800 175.614332 -69.123744 14.346253 -69.123744 494.505936
19.932912 -4.723445 14.403329 -4.723445 175.615021 -69.118397 14.403329 -69.118397 494.547426
19.973470 -4.783834 14.304434 -4.783834 175.704939 -68.971145 14.304434 -68.971145 494.788569
20.051986 -4.776479 14.361509 -4.776479 175.705628 -68.965798 14.361509 -68.965798 494.830059
20.088234 -4.782307 14.513206 -4.782307 175.706565 -68.990188 14.513206 -68.990188 495.464906
20.128792 -4.842697 14.414311 -4.842697 175.796484 -68.842935 14.414311 -68.842935 495.706049
20.169350 -4.903086 14.315416 -4.903086 175.886402 -68.695683 14.315416 -68.695683 495.947192
20.205598 -4.908914 14.467112 -4.908914 175.887339 -68.720072 14.467112 -68.720072 496.582039
20.241846 -4.914742 14.618809 -4.914742 175.888276 -68.744461 14.618809 -68.744461 497.216886
20.276310 -5.294748 14.669426 -5.294748 180.078214 -69.302568 14.669426 -69.302568 497.291226
20.310775 -5.674754 14.720044 -5.674754 184.268152 -69.860674 14.720044 -69.860674 497.365567
20.351188 -5.571476 14.889173 -5.571476 184.532081 -69.428460 14.889173 -69.428460 498.073370
20.385653 -5.951482 14.939790 -5.951482 188.722019 -69.986566 14.939790 -69.986566 498.147711
20.426067 -5.848205 15.108920 -5.848205 188.985947 -69.554351 15.108920 -69.554351 498.855514
20.466480 -5.744927 15.278049 -5.744927 189.249875 -69.122137 15.278049 -69.122137 499.563316
20.507038 -5.805317 15.179154 -5.805317 189.339794 -68.974885 15.179154 -68.974885 499.804460
20.547596 -5.865706 15.080259 -5.865706 189.429712 -68.827632 15.080259 -68.827632 500.045603
20.588154 -5.926096 14.981364 -5.926096 189.519631 -68.680380 14.981364 -68.680380 500.286746
20.628712 -5.986486 14.882469 -5.986486 189.609549 -68.533128 14.882469 -68.533128 500.527890
20.669270 -6.046875 14.783573 -6.046875 189.699468 -68.385876 14.783573 -68.385876 500.769033
20.709827 -6.107265 14.684678 -6.107265 189.789386 -68.238623 14.684678 -68.238623 501.010176
20.769201 -5.955535 14.771878 -5.955535 190.177135 -68.015781 14.771878 -68.015781 501.138245
20.805578 -5.952127 14.683177 -5.952127 190.177454 -68.024091 14.683177 -68.024091 501.354532
20.841955 -5.948720 14.594475 -5.948720 190.177773 -68.032400 14.594475 -68.032400 501.570820
20.878333 -5.945312 14.505773 -5.945312 190.178093 -68.040709 14.505773 -68.040709 501.787108
20.914710 -5.941904 14.417071 -5.941904 190.178412 -68.049018 14.417071 -68.049018 502.003395
20.943975 -5.846531 14.345713 -5.846531 190.489230 -68.281573 14.345713 -68.281573 502.177394
20.973240 -5.751158 14.274355 -5.751158 190.800049 -68.514128 14.274355 -68.514128 502.351392
21.002505 -5.655785 14.202996 -5.655785 191.110867 -68.746683 14.202996 -68.746683 502.525390
21.031769 -5.560412 14.131638 -5.560412 191.421685 -68.979238 14.131638 -68.979238 502.699388
21.061034 -5.465039 14.060280 -5.465039 191.732504 -69.211794 14.060280 -69.211794 502.873386
21.090299 -5.369666 13.988921 -5.369666 192.043322 -69.444349 13.988921 -69.444349 503.047385
21.119564 -5.274293 13.917563 -5.274293 192.354141 -69.676904 13.917563 -69.676904 503.221383
21.145213 -5.194932 13.809848 -5.194932 192.599693 -70.010186 13.809848 -70.010186 503.673740
21.174053 -5.292425 13.994317 -5.292425 192.929266 -70.633781 13.994317 -70.633781 504.853660
21.225428 -5.160216 14.197033 -5.160216 193.269492 -70.112111 14.197033 -70.112111 505.653539
21.276803 -5.028008 14.399749 -5.028008 193.609719 -69.590441 14.399749 -69.590441 506.453418
21.328178 -4.895799 14.602465 -4.895799 193.949945 -69.068771 14.602465 -69.068771 507.253297
21.369508 -5.009099 14.765545 -5.009099 194.260538 -69.515830 14.765545 -69.515830 507.896780
21.410838 -5.122398 14.928626 -5.122398 194.571132 -69.962889 14.928626 -69.962889 508.540264
21.494321 -4.984315 14.997580 -4.984315 194.799526 -69.848837 14.997580 -69.848837 508.597218
21.577804 -4.846232 15.066534 -4.846232 195.027920 -69.734784 15.066534 -69.734784 508.654172
21.661287 -4.708148 15.135489 -4.708148 195.256314 -69.620732 15.135489 -69.620732 508.711126
21.702617 -4.821448 15.298569 -4.821448 195.566907 -70.067791 15.298569 -70.067791 509.354610
21.743947 -4.934748 15.461649 -4.934748 195.877501 -70.514850 15.461649 -70.514850 509.998093
21.827430 -4.796665 15.530603 -4.796665 196.105895 -70.400798 15.530603 -70.400798 510.055047
21.875509 -4.871317 15.416139 -4.871317 196.221808 -70.223069 15.416139 -70.223069 510.327560
21.923588 -4.945969 15.301674 -4.945969 196.337720 -70.045340 15.301674 -70.045340 510.600073
22.076046 -5.182690 15.672044 -5.182690 196.705276 -70.620413 15.672044 -70.620413 511.499826
22.124125 -5.257342 15.557580 -5.257342 196.821189 -70.442684 15.557580 -70.442684 511.772339
22.172204 -5.331995 15.443115 -5.331995 196.937101 -70.264955 15.443115 -70.264955 512.044852
22.283091 -5.046637 15.291317 -5.046637 197.671440 -70.655591 15.291317 -70.655591 512.252653
22.544561 -4.348099 14.903264 -4.348099 199.669824 -71.847384 14.903264 -71.847384 513.010508
22.576083 -4.767413 15.024708 -4.767413 205.247538 -73.462824 15.024708 -73.462824 513.478378
22.607606 -5.186727 15.146151 -5.186727 210.825252 -75.078263 15.146151 -75.078263 513.946248
22.639129 -5.606040 15.267594 -5.606040 216.402966 -76.693703 15.267594 -76.693703 514.414118
22.722621 -5.739695 15.207598 -5.739695 216.616921 -76.597662 15.207598 -76.597662 514.457230
22.806113 -5.873350 15.147603 -5.873350 216.830876 -76.501620 15.147603 -76.501620 514.500342
22.894621 -5.589542 15.225833 -5.589542 217.740933 -76.250766 15.225833 -76.250766 514.569489
22.983129 -5.305733 15.304064 -5.305733 218.650990 -75.999912 15.304064 -75.999912 514.638636
23.071637 -5.021925 15.382295 -5.021925 219.561047 -75.749058 15.382295 -75.749058 514.707783
23.160144 -4.738117 15.460526 -4.738117 220.471105 -75.498203 15.460526 -75.498203 514.776930
23.243637 -4.871772 15.400530 -4.871772 220.685059 -75.402162 15.400530 -75.402162 514.820042
23.304182 -4.710897 15.633787 -4.710897 221.112518 -74.782378 15.633787 -74.782378 515.718682
23.349901 -4.637558 15.527671 -4.637558 221.230163 -74.952601 15.527671 -74.952601 515.964981
23.410447 -4.476683 15.760928 -4.476683 221.657622 -74.332817 15.760928 -74.332817 516.863621
23.456166 -4.403344 15.654813 -4.403344 221.775267 -74.503040 15.654813 -74.503040 517.109920
23.516711 -4.242469 15.888069 -4.242469 222.202726 -73.883256 15.888069 -73.883256 518.008560
23.562430 -4.169130 15.781954 -4.169130 222.320371 -74.053479 15.781954 -74.053479 518.254858
23.622976 -4.008255 16.015211 -4.008255 222.747830 -73.433695 16.015211 -73.433695 519.153499

